181 14 24 106 193 67
306 13 31 107 321 66
429 10 42 110 450 65
555 10 46 110 578 65
679 10 54 109 706 64
803 10 60 109 833 64
930 9 64 110 962 64
30 137 70 110 65 192
157 137 75 110 194 192
280 137 83 111 321 192
404 137 90 111 449 192
530 137 94 111 577 192
658 137 95 111 705 192
783 137 97 111 831 192
910 137 100 111 960 192
10 265 108 111 64 320
137 265 112 111 193 320
261 265 121 111 321 320
384 265 121 111 444 320
516 265 122 111 577 320
643 265 125 111 705 320
775 265 119 111 834 320
907 265 115 111 964 320
9 393 112 111 65 448
137 393 116 111 195 448
266 393 113 111 322 448
392 393 114 111 449 448
515 393 123 111 576 448
